1000 249
277 356
292 201
906 532
181 978
910 440
867 539
153 18
850 212
433 602
989 819
95 278
412 738
456 287
567 144
358 727
665 412
166 871
993 810
814 565
484 377
359 82
668 858
69 582
212 394
333 347
568 997
748 155
899 363
429 145
307 24
339 175
332 190
629 281
493 151
917 439
636 926
43 647
698 250
228 208
766 484
517 109
311 349
400 105
739 724
258 464
594 783
212 224
62 804
991 979
750 39
184 649
707 736
10 406
929 954
75 778
251 590
25 194
994 886
787 890
134 543
187 383
161 440
564 955
381 26
63 749
253 857
322 372
739 334
464 888
995 373
802 239
481 709
739 811
152 990
431 493
504 137
128 476
101 992
989 348
368 384
105 543
775 478
709 264
738 546
370 441
236 119
893 38
327 93
856 242
57 405
832 196
698 26
910 178
193 93
586 347
782 789
875 245
360 557
875 803
558 335
721 359
535 684
822 880
331 238
176 140
640 568
740 678
744 682
468 740
355 884
719 329
656 821
542 6
936 43
851 226
662 878
31 156
24 975
141 877
43 89
48 854
186 426
314 789
712 80
599 616
21 647
420 352
851 203
126 332
145 233
486 829
769 708
76 832
134 573
585 983
181 854
593 430
189 112
55 61
88 159
803 988
796 401
154 612
882 371
204 889
815 484
987 682
509 943
892 323
331 55
500 128
370 48
272 653
869 178
443 375
617 167
815 805
925 863
705 510
78 771
950 592
309 885
643 458
374 966
880 281
15 170
781 695
294 754
892 903
889 768
469 226
568 771
409 685
718 265
697 65
366 335
357 561
348 203
767 632
24 106
294 660
980 920
575 378
640 342
145 133
920 714
250 410
726 838
493 962
730 556
228 898
410 707
647 817
163 912
610 467
251 726
275 368
556 519
308 764
749 84
206 698
393 61
548 152
123 368
319 507
930 368
349 980
429 569
762 435
442 575
207 39
544 560
545 589
927 886
505 792
785 561
736 450
121 991
771 991
468 968
698 54
853 583
933 562
919 296
590 915
426 789
380 206
781 412
986 97
628 493
202 698
707 120
682 624
768 386
380 964
602 515
430 900
512 33
176 674
809 94
173 143
554 587
375 180
263 746
72 735
699 429
998 684
960 246
409 407
311 729
540 67
307 842
273 335
968 457
738 49
334 666
140 434
188 358
507 180
878 752
251 863
238 147
294 749
842 428
688 723
502 594
507 784
127 5
977 555
622 412
968 169
444 414
858 2
122 752
488 458
157 924
428 600
590 186
875 724
827 415
370 814
293 121
460 584
817 250
571 560
124 456
543 796
128 872
904 79
185 745
730 431
967 226
367 584
736 725
866 559
830 189
468 48
479 450
233 894
554 427
65 976
820 178
383 194
116 1
357 57
672 628
1 988
940 136
717 186
896 169
463 703
744 957
306 692
75 822
134 15
959 622
371 351
102 346
63 283
853 76
683 328
877 509
714 187
638 990
13 471
355 96
201 944
503 896
319 954
214 524
695 773
33 789
374 201
214 990
148 386
706 13
8 561
279 408
839 506
320 644
810 46
36 400
364 559
920 49
909 429
299 458
150 104
410 938
451 912
813 282
215 555
357 188
23 253
387 708
963 648
191 391
757 992
521 645
12 44
42 802
999 672
484 577
130 392
794 124
407 599
960 84
89 547
186 567
735 56
516 73
878 251
908 922
877 644
763 306
359 577
671 687
643 750
258 364
433 368
282 246
432 905
167 696
887 177
567 802
743 92
812 249
866 972
433 502
110 796
659 821
642 83
991 920
181 246
557 802
37 615
55 35
82 200
789 410
272 281
990 993
288 663
818 841
505 988
999 770
630 725
808 836
712 494
931 566
266 723
971 847
93 340
537 307
984 2
862 750
350 829
693 784
719 942
461 472
78 798
613 926
381 670
457 996
862 906
778 781
762 311
143 340
817 76
776 465
53 170
670 786
26 241
780 1000
857 717
460 811
67 945
722 113
783 232
8 130
496 212
837 464
293 791
578 301
979 835
658 183
740 694
301 717
57 559
144 911
128 908
453 436
754 563
648 277
331 913
455 844
330 947
252 550
711 376
428 885
178 335
715 749
764 505
574 138
417 500
573 713
199 967
552 873
494 522
813 746
664 994
251 481
102 559
780 32
156 830
387 812
852 378
243 8
694 925
746 139
182 805
829 14
699 481
547 210
929 432
387 22
600 314
802 444
836 60
772 500
871 630
180 290
22 804
20 666
322 572
787 188
113 551
809 374
528 154
799 671
709 512
41 644
810 363
660 335
989 988
655 2
51 649
893 626
462 858
147 798
657 92
167 631
59 289
758 609
57 584
116 4
313 330
102 164
432 388
318 964
150 232
683 752
484 365
791 91
241 487
96 158
397 362
782 622
595 219
499 146
421 505
839 713
475 843
284 374
345 969
896 862
865 234
168 260
53 578
580 646
150 995
398 790
87 324
898 796
237 438
795 996
941 343
9 888
665 890
412 435
196 180
310 9
253 673
131 310
488 276
969 677
661 272
337 273
876 353
25 206
409 63
479 324
668 411
555 889
562 368
777 135
253 672
473 58
825 537
931 884
64 247
705 824
238 505
400 456
816 15
422 100
492 865
267 495
760 390
783 990
398 157
47 849
958 279
349 261
909 820
508 432
285 713
355 378
226 577
870 732
941 625
94 257
530 672
273 634
445 62
585 453
453 544
470 194
10 351
266 956
974 414
507 39
319 563
617 609
853 586
769 50
186 885
400 543
915 798
910 653
304 128
432 422
516 119
374 608
157 880
84 310
353 837
832 329
784 748
995 661
39 321
122 901
803 575
606 75
186 677
305 730
444 440
194 676
576 143
787 259
990 109
379 31
530 801
944 894
330 223
955 883
516 899
31 267
68 368
304 515
880 872
859 778
337 506
472 443
371 201
89 78
401 185
667 692
576 85
269 210
564 258
454 456
473 897
178 186
186 661
797 102
920 853
14 998
204 454
564 233
359 797
333 673
532 76
311 991
805 396
474 831
600 542
7 478
895 878
32 59
664 857
529 940
603 622
575 214
559 799
66 910
848 471
984 540
471 818
941 766
795 408
335 572
304 393
478 504
407 109
586 569
361 384
729 746
548 245
792 888
807 624
606 613
783 143
921 941
700 859
123 400
785 397
921 877
175 963
393 998
37 8
302 329
286 158
370 229
11 597
710 362
591 771
30 740
15 531
850 705
951 829
388 157
734 947
710 69
690 388
476 732
814 428
52 152
645 494
825 264
737 619
197 1
560 341
360 772
673 432
452 869
856 164
477 505
986 868
24 373
363 974
895 578
630 854
77 681
882 396
765 764
978 820
897 155
97 530
147 138
806 15
318 408
678 557
678 868
654 456
357 639
653 993
247 558
729 454
871 129
281 829
341 459
76 195
227 112
208 807
650 970
937 6
761 689
655 442
589 599
625 324
968 244
121 629
414 345
249 563
28 900
682 88
544 15
696 290
6 589
791 623
182 647
373 402
842 471
174 565
104 733
208 977
179 123
488 172
661 874
483 259
963 396
679 431
448 36
693 662
572 346
418 86
165 317
318 497
81 521
384 799
901 212
926 672
699 153
718 553
589 874
920 734
819 628
919 209
119 560
546 974
40 772
823 999
848 44
413 393
332 705
564 800
52 119
394 903
485 493
168 119
119 162
344 202
382 878
477 402
579 335
23 143
137 414
848 451
55 12
57 266
13 678
7 702
768 5
108 515
648 877
517 976
92 466
513 77
223 488
605 787
695 448
422 618
90 398
190 810
337 784
160 682
908 513
117 174
435 762
660 947
500 778
728 245
624 484
622 210
437 217
128 745
870 219
773 484
476 505
440 988
939 242
588 690
800 661
520 113
958 90
387 816
967 453
113 111
244 60
491 331
728 350
775 654
525 51
766 249
311 355
173 905
542 657
180 957
450 830
843 261
232 362
343 202
804 896
855 271
585 379
910 612
61 680
352 415
678 986
440 82
465 82
358 985
540 810
43 616
375 272
200 139
143 539
619 147
890 729
479 635
861 723
683 590
654 990
646 444
226 808
215 807
714 694
33 675
977 589
971 625
479 379
158 607
983 937
324 598
832 721
54 223
390 417
540 793
986 88
724 342
14 25
375 841
462 335
348 715
295 784
655 393
909 563
467 40
201 2
393 806
489 197
193 792
792 674
543 184
323 687
76 37
700 201
60 573
443 193
455 263
328 178
666 159
683 135
140 578
287 502
515 191
969 972
166 297
662 521
776 544
903 55
848 263
772 324
449 597
231 643
242 591
455 428
234 369
463 227
523 868
559 628
376 564
721 169
489 805
152 661
646 941
180 542
809 947
221 216
131 438
788 419
571 383
821 371
826 499
976 311
474 417
889 198
414 319
679 654
812 394
330 785
854 383
446 706
152 415
486 958
796 712
955 295
124 967
975 643
888 882
751 533
331 905
837 970
782 869
954 540
425 697
554 124
69 950
567 906
922 881
450 712
316 423
162 870
210 199
698 958
591 348
876 420
148 56
636 392
794 260
345 84
